1.00,0.42,0.46,0.25,0.18,0.02,0.03,0.01
0.42,1.00,0.40,0.42,0.08,0.01,0.02,0.01
0.46,0.40,1.00,0.51,0.53,0.23,0.19,0.15
0.25,0.42,0.51,1.00,0.35,0.39,0.13,0.20
0.18,0.08,0.53,0.35,1.00,0.41,0.44,0.32
0.02,0.01,0.23,0.39,0.41,1.00,0.33,0.46
0.03,0.02,0.19,0.13,0.44,0.33,1.00,0.43
0.01,0.01,0.15,0.20,0.32,0.46,0.43,1.00
